0.0000 0.5403
0.0060 0.5504
0.0120 0.5605
0.0180 0.5705
0.0240 0.5805
0.0300 0.5905
0.0360 0.6005
0.0420 0.6104
0.0480 0.6203
0.0541 0.6302
0.0601 0.6400
0.0661 0.6498
0.0721 0.6596
0.0781 0.6694
0.0841 0.6791
0.0901 0.6888
0.0961 0.6985
0.1021 0.7082
0.1081 0.7178
0.1141 0.7274
0.1201 0.7369
0.1261 0.7464
0.1321 0.7559
0.1381 0.7654
0.1441 0.7748
0.1502 0.7842
0.1562 0.7935
0.1622 0.8029
0.1682 0.8122
0.1742 0.8214
0.1802 0.8306
0.1862 0.8398
0.1922 0.8490
0.1982 0.8581
0.2042 0.8672
0.2102 0.8762
0.2162 0.8852
0.2222 0.8942
0.2282 0.9032
0.2342 0.9121
0.2402 0.9209
0.2462 0.9298
0.2523 0.9386
0.2583 0.9473
0.2643 0.9560
0.2703 0.9647
0.2763 0.9734
0.2823 0.9820
0.2883 0.9905
0.2943 0.9991
0.3003 1.0076
0.3063 1.0160
0.3123 1.0244
0.3183 1.0328
0.3243 1.0411
0.3303 1.0494
0.3363 1.0577
0.3423 1.0659
0.3483 1.0740
0.3544 1.0822
0.3604 1.0903
0.3664 1.0983
0.3724 1.1063
0.3784 1.1143
0.3844 1.1222
0.3904 1.1301
0.3964 1.1379
0.4024 1.1457
0.4084 1.1535
0.4144 1.1612
0.4204 1.1689
0.4264 1.1765
0.4324 1.1841
0.4384 1.1916
0.4444 1.1991
0.4505 1.2066
0.4565 1.2140
0.4625 1.2214
0.4685 1.2287
0.4745 1.2360
0.4805 1.2432
0.4865 1.2504
0.4925 1.2575
0.4985 1.2646
0.5045 1.2717
0.5105 1.2787
0.5165 1.2857
0.5225 1.2926
0.5285 1.2995
0.5345 1.3063
0.5405 1.3131
0.5465 1.3199
0.5526 1.3266
0.5586 1.3332
0.5646 1.3398
0.5706 1.3464
0.5766 1.3529
0.5826 1.3594
0.5886 1.3658
0.5946 1.3722
0.6006 1.3785
0.6066 1.3848
0.6126 1.3910
0.6186 1.3972
0.6246 1.4034
0.6306 1.4095
0.6366 1.4155
0.6426 1.4215
0.6486 1.4275
0.6547 1.4334
0.6607 1.4392
0.6667 1.4451
0.6727 1.4508
0.6787 1.4566
0.6847 1.4622
0.6907 1.4679
0.6967 1.4734
0.7027 1.4790
0.7087 1.4845
0.7147 1.4899
0.7207 1.4953
0.7267 1.5006
0.7327 1.5059
0.7387 1.5112
0.7447 1.5164
0.7508 1.5215
0.7568 1.5266
0.7628 1.5317
0.7688 1.5367
0.7748 1.5417
0.7808 1.5466
0.7868 1.5515
0.7928 1.5563
0.7988 1.5610
0.8048 1.5658
0.8108 1.5704
0.8168 1.5751
0.8228 1.5796
0.8288 1.5842
0.8348 1.5887
0.8408 1.5931
0.8468 1.5975
0.8529 1.6018
0.8589 1.6061
0.8649 1.6103
0.8709 1.6145
0.8769 1.6187
0.8829 1.6228
0.8889 1.6268
0.8949 1.6308
0.9009 1.6348
0.9069 1.6387
0.9129 1.6426
0.9189 1.6464
0.9249 1.6501
0.9309 1.6538
0.9369 1.6575
0.9429 1.6611
0.9489 1.6647
0.9550 1.6682
0.9610 1.6717
0.9670 1.6751
0.9730 1.6785
0.9790 1.6819
0.9850 1.6851
0.9910 1.6884
0.9970 1.6916
1.0030 1.6947
1.0090 1.6978
1.0150 1.7009
1.0210 1.7039
1.0270 1.7068
1.0330 1.7097
1.0390 1.7126
1.0450 1.7154
1.0511 1.7182
1.0571 1.7209
1.0631 1.7236
1.0691 1.7262
1.0751 1.7288
1.0811 1.7313
1.0871 1.7338
1.0931 1.7362
1.0991 1.7386
1.1051 1.7410
1.1111 1.7433
1.1171 1.7455
1.1231 1.7477
1.1291 1.7499
1.1351 1.7520
1.1411 1.7541
1.1471 1.7561
1.1532 1.7581
1.1592 1.7600
1.1652 1.7619
1.1712 1.7637
1.1772 1.7655
1.1832 1.7673
1.1892 1.7690
1.1952 1.7706
1.2012 1.7722
1.2072 1.7738
1.2132 1.7753
1.2192 1.7768
1.2252 1.7782
1.2312 1.7796
1.2372 1.7810
1.2432 1.7823
1.2492 1.7835
1.2553 1.7848
1.2613 1.7859
1.2673 1.7870
1.2733 1.7881
1.2793 1.7892
1.2853 1.7902
1.2913 1.7911
1.2973 1.7920
1.3033 1.7929
1.3093 1.7937
1.3153 1.7945
1.3213 1.7952
1.3273 1.7959
1.3333 1.7965
1.3393 1.7972
1.3453 1.7977
1.3514 1.7982
1.3574 1.7987
1.3634 1.7992
1.3694 1.7996
1.3754 1.7999
1.3814 1.8002
1.3874 1.8005
1.3934 1.8007
1.3994 1.8009
1.4054 1.8011
1.4114 1.8012
1.4174 1.8012
1.4234 1.8012
1.4294 1.8012
1.4354 1.8012
1.4414 1.8011
1.4474 1.8009
1.4535 1.8008
1.4595 1.8005
1.4655 1.8003
1.4715 1.8000
1.4775 1.7997
1.4835 1.7993
1.4895 1.7989
1.4955 1.7984
1.5015 1.7979
1.5075 1.7974
1.5135 1.7968
1.5195 1.7962
1.5255 1.7956
1.5315 1.7949
1.5375 1.7942
1.5435 1.7934
1.5495 1.7926
1.5556 1.7918
1.5616 1.7909
1.5676 1.7900
1.5736 1.7891
1.5796 1.7881
1.5856 1.7871
1.5916 1.7860
1.5976 1.7849
1.6036 1.7838
1.6096 1.7826
1.6156 1.7814
1.6216 1.7802
1.6276 1.7789
1.6336 1.7776
1.6396 1.7763
1.6456 1.7749
1.6517 1.7735
1.6577 1.7720
1.6637 1.7706
1.6697 1.7691
1.6757 1.7675
1.6817 1.7659
1.6877 1.7643
1.6937 1.7627
1.6997 1.7610
1.7057 1.7593
1.7117 1.7575
1.7177 1.7558
1.7237 1.7539
1.7297 1.7521
1.7357 1.7502
1.7417 1.7483
1.7477 1.7464
1.7538 1.7444
1.7598 1.7424
1.7658 1.7404
1.7718 1.7383
1.7778 1.7362
1.7838 1.7341
1.7898 1.7319
1.7958 1.7298
1.8018 1.7275
1.8078 1.7253
1.8138 1.7230
1.8198 1.7207
1.8258 1.7184
1.8318 1.7160
1.8378 1.7136
1.8438 1.7112
1.8498 1.7088
1.8559 1.7063
1.8619 1.7038
1.8679 1.7013
1.8739 1.6987
1.8799 1.6961
1.8859 1.6935
1.8919 1.6909
1.8979 1.6882
1.9039 1.6855
1.9099 1.6828
1.9159 1.6800
1.9219 1.6772
1.9279 1.6744
1.9339 1.6716
1.9399 1.6688
1.9459 1.6659
1.9520 1.6630
1.9580 1.6601
1.9640 1.6571
1.9700 1.6541
1.9760 1.6511
1.9820 1.6481
1.9880 1.6451
1.9940 1.6420
2.0000 1.6389
2.0060 1.6358
2.0120 1.6327
2.0180 1.6295
2.0240 1.6263
2.0300 1.6231
2.0360 1.6199
2.0420 1.6166
2.0480 1.6134
2.0541 1.6101
2.0601 1.6068
2.0661 1.6034
2.0721 1.6001
2.0781 1.5967
2.0841 1.5933
2.0901 1.5899
2.0961 1.5864
2.1021 1.5830
2.1081 1.5795
2.1141 1.5760
2.1201 1.5725
2.1261 1.5690
2.1321 1.5654
2.1381 1.5618
2.1441 1.5583
2.1502 1.5546
2.1562 1.5510
2.1622 1.5474
2.1682 1.5437
2.1742 1.5400
2.1802 1.5364
2.1862 1.5326
2.1922 1.5289
2.1982 1.5252
2.2042 1.5214
2.2102 1.5176
2.2162 1.5139
2.2222 1.5101
2.2282 1.5062
2.2342 1.5024
2.2402 1.4986
2.2462 1.4947
2.2523 1.4908
2.2583 1.4869
2.2643 1.4830
2.2703 1.4791
2.2763 1.4752
2.2823 1.4712
2.2883 1.4673
2.2943 1.4633
2.3003 1.4593
2.3063 1.4553
2.3123 1.4513
2.3183 1.4473
2.3243 1.4433
2.3303 1.4392
2.3363 1.4352
2.3423 1.4311
2.3483 1.4270
2.3544 1.4230
2.3604 1.4189
2.3664 1.4148
2.3724 1.4106
2.3784 1.4065
2.3844 1.4024
2.3904 1.3982
2.3964 1.3941
2.4024 1.3899
2.4084 1.3858
2.4144 1.3816
2.4204 1.3774
2.4264 1.3732
2.4324 1.3690
2.4384 1.3648
2.4444 1.3606
2.4505 1.3564
2.4565 1.3522
2.4625 1.3479
2.4685 1.3437
2.4745 1.3394
2.4805 1.3352
2.4865 1.3309
2.4925 1.3267
2.4985 1.3224
2.5045 1.3181
2.5105 1.3139
2.5165 1.3096
2.5225 1.3053
2.5285 1.3010
2.5345 1.2967
2.5405 1.2924
2.5465 1.2881
2.5526 1.2838
2.5586 1.2795
2.5646 1.2752
2.5706 1.2709
2.5766 1.2666
2.5826 1.2623
2.5886 1.2579
2.5946 1.2536
2.6006 1.2493
2.6066 1.2450
2.6126 1.2407
2.6186 1.2363
2.6246 1.2320
2.6306 1.2277
2.6366 1.2234
2.6426 1.2191
2.6486 1.2147
2.6547 1.2104
2.6607 1.2061
2.6667 1.2018
2.6727 1.1975
2.6787 1.1931
2.6847 1.1888
2.6907 1.1845
2.6967 1.1802
2.7027 1.1759
2.7087 1.1716
2.7147 1.1673
2.7207 1.1630
2.7267 1.1587
2.7327 1.1544
2.7387 1.1501
2.7447 1.1458
2.7508 1.1415
2.7568 1.1373
2.7628 1.1330
2.7688 1.1287
2.7748 1.1245
2.7808 1.1202
2.7868 1.1160
2.7928 1.1117
2.7988 1.1075
2.8048 1.1032
2.8108 1.0990
2.8168 1.0948
2.8228 1.0906
2.8288 1.0864
2.8348 1.0822
2.8408 1.0780
2.8468 1.0738
2.8529 1.0696
2.8589 1.0654
2.8649 1.0613
2.8709 1.0571
2.8769 1.0530
2.8829 1.0488
2.8889 1.0447
2.8949 1.0406
2.9009 1.0365
2.9069 1.0324
2.9129 1.0283
2.9189 1.0242
2.9249 1.0201
2.9309 1.0161
2.9369 1.0120
2.9429 1.0080
2.9489 1.0039
2.9550 0.9999
2.9610 0.9959
2.9670 0.9919
2.9730 0.9879
2.9790 0.9840
2.9850 0.9800
2.9910 0.9760
2.9970 0.9721
3.0030 0.9682
3.0090 0.9643
3.0150 0.9604
3.0210 0.9565
3.0270 0.9526
3.0330 0.9488
3.0390 0.9449
3.0450 0.9411
3.0511 0.9373
3.0571 0.9335
3.0631 0.9297
3.0691 0.9259
3.0751 0.9222
3.0811 0.9184
3.0871 0.9147
3.0931 0.9110
3.0991 0.9073
3.1051 0.9036
3.1111 0.8999
3.1171 0.8963
3.1231 0.8927
3.1291 0.8891
3.1351 0.8855
3.1411 0.8819
3.1471 0.8783
3.1532 0.8748
3.1592 0.8712
3.1652 0.8677
3.1712 0.8642
3.1772 0.8608
3.1832 0.8573
3.1892 0.8539
3.1952 0.8504
3.2012 0.8470
3.2072 0.8437
3.2132 0.8403
3.2192 0.8369
3.2252 0.8336
3.2312 0.8303
3.2372 0.8270
3.2432 0.8238
3.2492 0.8205
3.2553 0.8173
3.2613 0.8141
3.2673 0.8109
3.2733 0.8077
3.2793 0.8046
3.2853 0.8015
3.2913 0.7984
3.2973 0.7953
3.3033 0.7922
3.3093 0.7892
3.3153 0.7862
3.3213 0.7832
3.3273 0.7802
3.3333 0.7773
3.3393 0.7743
3.3453 0.7714
3.3514 0.7686
3.3574 0.7657
3.3634 0.7629
3.3694 0.7601
3.3754 0.7573
3.3814 0.7545
3.3874 0.7518
3.3934 0.7490
3.3994 0.7463
3.4054 0.7437
3.4114 0.7410
3.4174 0.7384
3.4234 0.7358
3.4294 0.7332
3.4354 0.7307
3.4414 0.7282
3.4474 0.7257
3.4535 0.7232
3.4595 0.7208
3.4655 0.7183
3.4715 0.7160
3.4775 0.7136
3.4835 0.7112
3.4895 0.7089
3.4955 0.7066
3.5015 0.7044
3.5075 0.7021
3.5135 0.6999
3.5195 0.6977
3.5255 0.6956
3.5315 0.6934
3.5375 0.6913
3.5435 0.6893
3.5495 0.6872
3.5556 0.6852
3.5616 0.6832
3.5676 0.6812
3.5736 0.6793
3.5796 0.6774
3.5856 0.6755
3.5916 0.6737
3.5976 0.6718
3.6036 0.6700
3.6096 0.6683
3.6156 0.6665
3.6216 0.6648
3.6276 0.6631
3.6336 0.6615
3.6396 0.6599
3.6456 0.6583
3.6517 0.6567
3.6577 0.6552
3.6637 0.6537
3.6697 0.6522
3.6757 0.6507
3.6817 0.6493
3.6877 0.6479
3.6937 0.6466
3.6997 0.6453
3.7057 0.6440
3.7117 0.6427
3.7177 0.6415
3.7237 0.6403
3.7297 0.6391
3.7357 0.6379
3.7417 0.6368
3.7477 0.6357
3.7538 0.6347
3.7598 0.6337
3.7658 0.6327
3.7718 0.6317
3.7778 0.6308
3.7838 0.6299
3.7898 0.6291
3.7958 0.6282
3.8018 0.6274
3.8078 0.6267
3.8138 0.6259
3.8198 0.6252
3.8258 0.6246
3.8318 0.6239
3.8378 0.6233
3.8438 0.6228
3.8498 0.6222
3.8559 0.6217
3.8619 0.6212
3.8679 0.6208
3.8739 0.6204
3.8799 0.6200
3.8859 0.6197
3.8919 0.6193
3.8979 0.6191
3.9039 0.6188
3.9099 0.6186
3.9159 0.6184
3.9219 0.6183
3.9279 0.6182
3.9339 0.6181
3.9399 0.6180
3.9459 0.6180
3.9520 0.6181
3.9580 0.6181
3.9640 0.6182
3.9700 0.6183
3.9760 0.6185
3.9820 0.6187
3.9880 0.6189
3.9940 0.6192
4.0000 0.6194
4.0060 0.6198
4.0120 0.6201
4.0180 0.6205
4.0240 0.6210
4.0300 0.6214
4.0360 0.6219
4.0420 0.6224
4.0480 0.6230
4.0541 0.6236
4.0601 0.6242
4.0661 0.6249
4.0721 0.6256
4.0781 0.6264
4.0841 0.6271
4.0901 0.6279
4.0961 0.6288
4.1021 0.6296
4.1081 0.6306
4.1141 0.6315
4.1201 0.6325
4.1261 0.6335
4.1321 0.6345
4.1381 0.6356
4.1441 0.6367
4.1502 0.6379
4.1562 0.6391
4.1622 0.6403
4.1682 0.6416
4.1742 0.6429
4.1802 0.6442
4.1862 0.6455
4.1922 0.6469
4.1982 0.6484
4.2042 0.6498
4.2102 0.6513
4.2162 0.6529
4.2222 0.6545
4.2282 0.6561
4.2342 0.6577
4.2402 0.6594
4.2462 0.6611
4.2523 0.6628
4.2583 0.6646
4.2643 0.6664
4.2703 0.6683
4.2763 0.6702
4.2823 0.6721
4.2883 0.6740
4.2943 0.6760
4.3003 0.6781
4.3063 0.6801
4.3123 0.6822
4.3183 0.6843
4.3243 0.6865
4.3303 0.6887
4.3363 0.6909
4.3423 0.6932
4.3483 0.6955
4.3544 0.6978
4.3604 0.7002
4.3664 0.7026
4.3724 0.7051
4.3784 0.7075
4.3844 0.7101
4.3904 0.7126
4.3964 0.7152
4.4024 0.7178
4.4084 0.7204
4.4144 0.7231
4.4204 0.7258
4.4264 0.7286
4.4324 0.7314
4.4384 0.7342
4.4444 0.7370
4.4505 0.7399
4.4565 0.7429
4.4625 0.7458
4.4685 0.7488
4.4745 0.7518
4.4805 0.7549
4.4865 0.7580
4.4925 0.7611
4.4985 0.7643
4.5045 0.7674
4.5105 0.7707
4.5165 0.7739
4.5225 0.7772
4.5285 0.7805
4.5345 0.7839
4.5405 0.7873
4.5465 0.7907
4.5526 0.7942
4.5586 0.7977
4.5646 0.8012
4.5706 0.8048
4.5766 0.8083
4.5826 0.8120
4.5886 0.8156
4.5946 0.8193
4.6006 0.8230
4.6066 0.8268
4.6126 0.8306
4.6186 0.8344
4.6246 0.8382
4.6306 0.8421
4.6366 0.8460
4.6426 0.8500
4.6486 0.8540
4.6547 0.8580
4.6607 0.8620
4.6667 0.8661
4.6727 0.8702
4.6787 0.8743
4.6847 0.8785
4.6907 0.8827
4.6967 0.8869
4.7027 0.8912
4.7087 0.8955
4.7147 0.8998
4.7207 0.9041
4.7267 0.9085
4.7327 0.9129
4.7387 0.9174
4.7447 0.9218
4.7508 0.9263
4.7568 0.9309
4.7628 0.9354
4.7688 0.9400
4.7748 0.9447
4.7808 0.9493
4.7868 0.9540
4.7928 0.9587
4.7988 0.9634
4.8048 0.9682
4.8108 0.9730
4.8168 0.9778
4.8228 0.9827
4.8288 0.9876
4.8348 0.9925
4.8408 0.9974
4.8468 1.0024
4.8529 1.0074
4.8589 1.0124
4.8649 1.0175
4.8709 1.0225
4.8769 1.0277
4.8829 1.0328
4.8889 1.0379
4.8949 1.0431
4.9009 1.0483
4.9069 1.0536
4.9129 1.0589
4.9189 1.0642
4.9249 1.0695
4.9309 1.0748
4.9369 1.0802
4.9429 1.0856
4.9489 1.0910
4.9550 1.0965
4.9610 1.1019
4.9670 1.1074
4.9730 1.1130
4.9790 1.1185
4.9850 1.1241
4.9910 1.1297
4.9970 1.1353
5.0030 1.1409
5.0090 1.1466
5.0150 1.1523
5.0210 1.1580
5.0270 1.1638
5.0330 1.1695
5.0390 1.1753
5.0450 1.1811
5.0511 1.1870
5.0571 1.1928
5.0631 1.1987
5.0691 1.2046
5.0751 1.2105
5.0811 1.2164
5.0871 1.2224
5.0931 1.2284
5.0991 1.2344
5.1051 1.2404
5.1111 1.2465
5.1171 1.2525
5.1231 1.2586
5.1291 1.2647
5.1351 1.2709
5.1411 1.2770
5.1471 1.2832
5.1532 1.2894
5.1592 1.2956
5.1652 1.3018
5.1712 1.3080
5.1772 1.3143
5.1832 1.3206
5.1892 1.3269
5.1952 1.3332
5.2012 1.3395
5.2072 1.3459
5.2132 1.3522
5.2192 1.3586
5.2252 1.3650
5.2312 1.3714
5.2372 1.3779
5.2432 1.3843
5.2492 1.3908
5.2553 1.3973
5.2613 1.4037
5.2673 1.4103
5.2733 1.4168
5.2793 1.4233
5.2853 1.4299
5.2913 1.4364
5.2973 1.4430
5.3033 1.4496
5.3093 1.4562
5.3153 1.4629
5.3213 1.4695
5.3273 1.4761
5.3333 1.4828
5.3393 1.4895
5.3453 1.4961
5.3514 1.5028
5.3574 1.5095
5.3634 1.5163
5.3694 1.5230
5.3754 1.5297
5.3814 1.5365
5.3874 1.5432
5.3934 1.5500
5.3994 1.5568
5.4054 1.5636
5.4114 1.5704
5.4174 1.5772
5.4234 1.5840
5.4294 1.5908
5.4354 1.5976
5.4414 1.6045
5.4474 1.6113
5.4535 1.6181
5.4595 1.6250
5.4655 1.6319
5.4715 1.6387
5.4775 1.6456
5.4835 1.6525
5.4895 1.6594
5.4955 1.6663
5.5015 1.6732
5.5075 1.6801
5.5135 1.6870
5.5195 1.6939
5.5255 1.7008
5.5315 1.7077
5.5375 1.7146
5.5435 1.7215
5.5495 1.7285
5.5556 1.7354
5.5616 1.7423
5.5676 1.7492
5.5736 1.7562
5.5796 1.7631
5.5856 1.7700
5.5916 1.7769
5.5976 1.7839
5.6036 1.7908
5.6096 1.7977
5.6156 1.8046
5.6216 1.8116
5.6276 1.8185
5.6336 1.8254
5.6396 1.8323
5.6456 1.8392
5.6517 1.8462
5.6577 1.8531
5.6637 1.8600
5.6697 1.8669
5.6757 1.8738
5.6817 1.8806
5.6877 1.8875
5.6937 1.8944
5.6997 1.9013
5.7057 1.9082
5.7117 1.9150
5.7177 1.9219
5.7237 1.9287
5.7297 1.9356
5.7357 1.9424
5.7417 1.9492
5.7477 1.9560
5.7538 1.9628
5.7598 1.9696
5.7658 1.9764
5.7718 1.9832
5.7778 1.9900
5.7838 1.9967
5.7898 2.0035
5.7958 2.0102
5.8018 2.0169
5.8078 2.0236
5.8138 2.0303
5.8198 2.0370
5.8258 2.0437
5.8318 2.0503
5.8378 2.0570
5.8438 2.0636
5.8498 2.0702
5.8559 2.0768
5.8619 2.0834
5.8679 2.0900
5.8739 2.0965
5.8799 2.1030
5.8859 2.1095
5.8919 2.1160
5.8979 2.1225
5.9039 2.1290
5.9099 2.1354
5.9159 2.1419
5.9219 2.1483
5.9279 2.1546
5.9339 2.1610
5.9399 2.1674
5.9459 2.1737
5.9520 2.1800
5.9580 2.1863
5.9640 2.1925
5.9700 2.1988
5.9760 2.2050
5.9820 2.2112
5.9880 2.2173
5.9940 2.2235
6.0000 2.2296
