0.0000 0.0067
0.0060 0.0062
0.0120 0.0057
0.0180 0.0052
0.0240 0.0047
0.0300 0.0043
0.0360 0.0039
0.0420 0.0034
0.0480 0.0030
0.0541 0.0026
0.0601 0.0023
0.0661 0.0019
0.0721 0.0015
0.0781 0.0012
0.0841 0.0009
0.0901 0.0006
0.0961 0.0003
0.1021 0.0000
0.1081 0.0003
0.1141 0.0005
0.1201 0.0008
0.1261 0.0010
0.1321 0.0012
0.1381 0.0014
0.1441 0.0017
0.1502 0.0018
0.1562 0.0020
0.1622 0.0022
0.1682 0.0024
0.1742 0.0025
0.1802 0.0027
0.1862 0.0028
0.1922 0.0029
0.1982 0.0031
0.2042 0.0032
0.2102 0.0033
0.2162 0.0034
0.2222 0.0035
0.2282 0.0036
0.2342 0.0037
0.2402 0.0037
0.2462 0.0038
0.2523 0.0039
0.2583 0.0039
0.2643 0.0040
0.2703 0.0040
0.2763 0.0041
0.2823 0.0041
0.2883 0.0041
0.2943 0.0041
0.3003 0.0042
0.3063 0.0042
0.3123 0.0042
0.3183 0.0042
0.3243 0.0042
0.3303 0.0042
0.3363 0.0042
0.3423 0.0042
0.3483 0.0042
0.3544 0.0042
0.3604 0.0041
0.3664 0.0041
0.3724 0.0041
0.3784 0.0041
0.3844 0.0040
0.3904 0.0040
0.3964 0.0040
0.4024 0.0039
0.4084 0.0039
0.4144 0.0039
0.4204 0.0038
0.4264 0.0038
0.4324 0.0037
0.4384 0.0037
0.4444 0.0036
0.4505 0.0036
0.4565 0.0035
0.4625 0.0035
0.4685 0.0034
0.4745 0.0034
0.4805 0.0033
0.4865 0.0033
0.4925 0.0032
0.4985 0.0031
0.5045 0.0031
0.5105 0.0030
0.5165 0.0030
0.5225 0.0029
0.5285 0.0028
0.5345 0.0028
0.5405 0.0027
0.5465 0.0026
0.5526 0.0026
0.5586 0.0025
0.5646 0.0025
0.5706 0.0024
0.5766 0.0023
0.5826 0.0023
0.5886 0.0022
0.5946 0.0021
0.6006 0.0021
0.6066 0.0020
0.6126 0.0020
0.6186 0.0019
0.6246 0.0018
0.6306 0.0018
0.6366 0.0017
0.6426 0.0017
0.6486 0.0016
0.6547 0.0015
0.6607 0.0015
0.6667 0.0014
0.6727 0.0014
0.6787 0.0013
0.6847 0.0013
0.6907 0.0012
0.6967 0.0011
0.7027 0.0011
0.7087 0.0010
0.7147 0.0010
0.7207 0.0009
0.7267 0.0009
0.7327 0.0008
0.7387 0.0008
0.7447 0.0008
0.7508 0.0007
0.7568 0.0007
0.7628 0.0006
0.7688 0.0006
0.7748 0.0005
0.7808 0.0005
0.7868 0.0005
0.7928 0.0004
0.7988 0.0004
0.8048 0.0003
0.8108 0.0003
0.8168 0.0003
0.8228 0.0002
0.8288 0.0002
0.8348 0.0002
0.8408 0.0002
0.8468 0.0001
0.8529 0.0001
0.8589 0.0001
0.8649 0.0001
0.8709 0.0000
0.8769 0.0000
0.8829 0.0000
0.8889 0.0000
0.8949 0.0001
0.9009 0.0001
0.9069 0.0001
0.9129 0.0001
0.9189 0.0001
0.9249 0.0001
0.9309 0.0001
0.9369 0.0002
0.9429 0.0002
0.9489 0.0002
0.9550 0.0002
0.9610 0.0002
0.9670 0.0002
0.9730 0.0002
0.9790 0.0002
0.9850 0.0002
0.9910 0.0002
0.9970 0.0002
1.0030 0.0002
1.0090 0.0002
1.0150 0.0002
1.0210 0.0002
1.0270 0.0002
1.0330 0.0002
1.0390 0.0002
1.0450 0.0002
1.0511 0.0002
1.0571 0.0002
1.0631 0.0001
1.0691 0.0001
1.0751 0.0001
1.0811 0.0001
1.0871 0.0001
1.0931 0.0001
1.0991 0.0001
1.1051 0.0001
1.1111 0.0000
1.1171 0.0000
1.1231 0.0000
1.1291 0.0000
1.1351 0.0000
1.1411 0.0001
1.1471 0.0001
1.1532 0.0001
1.1592 0.0001
1.1652 0.0001
1.1712 0.0002
1.1772 0.0002
1.1832 0.0002
1.1892 0.0002
1.1952 0.0003
1.2012 0.0003
1.2072 0.0003
1.2132 0.0003
1.2192 0.0004
1.2252 0.0004
1.2312 0.0004
1.2372 0.0005
1.2432 0.0005
1.2492 0.0005
1.2553 0.0005
1.2613 0.0006
1.2673 0.0006
1.2733 0.0006
1.2793 0.0007
1.2853 0.0007
1.2913 0.0007
1.2973 0.0008
1.3033 0.0008
1.3093 0.0008
1.3153 0.0009
1.3213 0.0009
1.3273 0.0009
1.3333 0.0010
1.3393 0.0010
1.3453 0.0010
1.3514 0.0010
1.3574 0.0011
1.3634 0.0011
1.3694 0.0011
1.3754 0.0012
1.3814 0.0012
1.3874 0.0012
1.3934 0.0013
1.3994 0.0013
1.4054 0.0013
1.4114 0.0014
1.4174 0.0014
1.4234 0.0014
1.4294 0.0015
1.4354 0.0015
1.4414 0.0015
1.4474 0.0016
1.4535 0.0016
1.4595 0.0016
1.4655 0.0017
1.4715 0.0017
1.4775 0.0017
1.4835 0.0017
1.4895 0.0018
1.4955 0.0018
1.5015 0.0018
1.5075 0.0019
1.5135 0.0019
1.5195 0.0019
1.5255 0.0019
1.5315 0.0020
1.5375 0.0020
1.5435 0.0020
1.5495 0.0020
1.5556 0.0021
1.5616 0.0021
1.5676 0.0021
1.5736 0.0021
1.5796 0.0022
1.5856 0.0022
1.5916 0.0022
1.5976 0.0022
1.6036 0.0022
1.6096 0.0023
1.6156 0.0023
1.6216 0.0023
1.6276 0.0023
1.6336 0.0023
1.6396 0.0023
1.6456 0.0024
1.6517 0.0024
1.6577 0.0024
1.6637 0.0024
1.6697 0.0024
1.6757 0.0024
1.6817 0.0024
1.6877 0.0025
1.6937 0.0025
1.6997 0.0025
1.7057 0.0025
1.7117 0.0025
1.7177 0.0025
1.7237 0.0025
1.7297 0.0025
1.7357 0.0025
1.7417 0.0025
1.7477 0.0025
1.7538 0.0025
1.7598 0.0025
1.7658 0.0025
1.7718 0.0025
1.7778 0.0025
1.7838 0.0025
1.7898 0.0025
1.7958 0.0025
1.8018 0.0025
1.8078 0.0025
1.8138 0.0025
1.8198 0.0025
1.8258 0.0025
1.8318 0.0025
1.8378 0.0025
1.8438 0.0024
1.8498 0.0024
1.8559 0.0024
1.8619 0.0024
1.8679 0.0024
1.8739 0.0024
1.8799 0.0024
1.8859 0.0023
1.8919 0.0023
1.8979 0.0023
1.9039 0.0023
1.9099 0.0023
1.9159 0.0022
1.9219 0.0022
1.9279 0.0022
1.9339 0.0022
1.9399 0.0022
1.9459 0.0021
1.9520 0.0021
1.9580 0.0021
1.9640 0.0020
1.9700 0.0020
1.9760 0.0020
1.9820 0.0019
1.9880 0.0019
1.9940 0.0019
2.0000 0.0019
2.0060 0.0018
2.0120 0.0018
2.0180 0.0017
2.0240 0.0017
2.0300 0.0017
2.0360 0.0016
2.0420 0.0016
2.0480 0.0015
2.0541 0.0015
2.0601 0.0015
2.0661 0.0014
2.0721 0.0014
2.0781 0.0013
2.0841 0.0013
2.0901 0.0012
2.0961 0.0012
2.1021 0.0011
2.1081 0.0011
2.1141 0.0010
2.1201 0.0010
2.1261 0.0009
2.1321 0.0009
2.1381 0.0008
2.1441 0.0008
2.1502 0.0007
2.1562 0.0007
2.1622 0.0006
2.1682 0.0006
2.1742 0.0005
2.1802 0.0004
2.1862 0.0004
2.1922 0.0003
2.1982 0.0003
2.2042 0.0002
2.2102 0.0001
2.2162 0.0001
2.2222 0.0000
2.2282 0.0000
2.2342 0.0001
2.2402 0.0002
2.2462 0.0002
2.2523 0.0003
2.2583 0.0004
2.2643 0.0004
2.2703 0.0005
2.2763 0.0006
2.2823 0.0006
2.2883 0.0007
2.2943 0.0008
2.3003 0.0009
2.3063 0.0009
2.3123 0.0010
2.3183 0.0011
2.3243 0.0011
2.3303 0.0012
2.3363 0.0013
2.3423 0.0014
2.3483 0.0014
2.3544 0.0015
2.3604 0.0016
2.3664 0.0016
2.3724 0.0017
2.3784 0.0018
2.3844 0.0019
2.3904 0.0019
2.3964 0.0020
2.4024 0.0021
2.4084 0.0022
2.4144 0.0022
2.4204 0.0023
2.4264 0.0024
2.4324 0.0025
2.4384 0.0026
2.4444 0.0026
2.4505 0.0027
2.4565 0.0028
2.4625 0.0029
2.4685 0.0029
2.4745 0.0030
2.4805 0.0031
2.4865 0.0032
2.4925 0.0033
2.4985 0.0033
2.5045 0.0034
2.5105 0.0035
2.5165 0.0036
2.5225 0.0036
2.5285 0.0037
2.5345 0.0038
2.5405 0.0039
2.5465 0.0039
2.5526 0.0040
2.5586 0.0041
2.5646 0.0042
2.5706 0.0043
2.5766 0.0043
2.5826 0.0044
2.5886 0.0045
2.5946 0.0046
2.6006 0.0046
2.6066 0.0047
2.6126 0.0048
2.6186 0.0049
2.6246 0.0049
2.6306 0.0050
2.6366 0.0051
2.6426 0.0051
2.6486 0.0052
2.6547 0.0053
2.6607 0.0054
2.6667 0.0054
2.6727 0.0055
2.6787 0.0056
2.6847 0.0056
2.6907 0.0057
2.6967 0.0058
2.7027 0.0059
2.7087 0.0059
2.7147 0.0060
2.7207 0.0061
2.7267 0.0061
2.7327 0.0062
2.7387 0.0063
2.7447 0.0063
2.7508 0.0064
2.7568 0.0064
2.7628 0.0065
2.7688 0.0066
2.7748 0.0066
2.7808 0.0067
2.7868 0.0067
2.7928 0.0068
2.7988 0.0069
2.8048 0.0069
2.8108 0.0070
2.8168 0.0070
2.8228 0.0071
2.8288 0.0071
2.8348 0.0072
2.8408 0.0072
2.8468 0.0073
2.8529 0.0073
2.8589 0.0074
2.8649 0.0074
2.8709 0.0075
2.8769 0.0075
2.8829 0.0076
2.8889 0.0076
2.8949 0.0077
2.9009 0.0077
2.9069 0.0077
2.9129 0.0078
2.9189 0.0078
2.9249 0.0079
2.9309 0.0079
2.9369 0.0079
2.9429 0.0080
2.9489 0.0080
2.9550 0.0080
2.9610 0.0081
2.9670 0.0081
2.9730 0.0081
2.9790 0.0082
2.9850 0.0082
2.9910 0.0082
2.9970 0.0082
3.0030 0.0083
3.0090 0.0083
3.0150 0.0083
3.0210 0.0083
3.0270 0.0083
3.0330 0.0084
3.0390 0.0084
3.0450 0.0084
3.0511 0.0084
3.0571 0.0084
3.0631 0.0084
3.0691 0.0084
3.0751 0.0084
3.0811 0.0084
3.0871 0.0085
3.0931 0.0085
3.0991 0.0085
3.1051 0.0085
3.1111 0.0085
3.1171 0.0085
3.1231 0.0085
3.1291 0.0085
3.1351 0.0084
3.1411 0.0084
3.1471 0.0084
3.1532 0.0084
3.1592 0.0084
3.1652 0.0084
3.1712 0.0084
3.1772 0.0084
3.1832 0.0084
3.1892 0.0083
3.1952 0.0083
3.2012 0.0083
3.2072 0.0083
3.2132 0.0082
3.2192 0.0082
3.2252 0.0082
3.2312 0.0082
3.2372 0.0081
3.2432 0.0081
3.2492 0.0081
3.2553 0.0080
3.2613 0.0080
3.2673 0.0080
3.2733 0.0079
3.2793 0.0079
3.2853 0.0078
3.2913 0.0078
3.2973 0.0078
3.3033 0.0077
3.3093 0.0077
3.3153 0.0076
3.3213 0.0076
3.3273 0.0075
3.3333 0.0075
3.3393 0.0074
3.3453 0.0073
3.3514 0.0073
3.3574 0.0072
3.3634 0.0072
3.3694 0.0071
3.3754 0.0070
3.3814 0.0070
3.3874 0.0069
3.3934 0.0068
3.3994 0.0068
3.4054 0.0067
3.4114 0.0066
3.4174 0.0066
3.4234 0.0065
3.4294 0.0064
3.4354 0.0063
3.4414 0.0063
3.4474 0.0062
3.4535 0.0061
3.4595 0.0060
3.4655 0.0059
3.4715 0.0058
3.4775 0.0058
3.4835 0.0057
3.4895 0.0056
3.4955 0.0055
3.5015 0.0054
3.5075 0.0053
3.5135 0.0052
3.5195 0.0051
3.5255 0.0050
3.5315 0.0049
3.5375 0.0048
3.5435 0.0047
3.5495 0.0046
3.5556 0.0045
3.5616 0.0044
3.5676 0.0043
3.5736 0.0042
3.5796 0.0041
3.5856 0.0040
3.5916 0.0039
3.5976 0.0038
3.6036 0.0036
3.6096 0.0035
3.6156 0.0034
3.6216 0.0033
3.6276 0.0032
3.6336 0.0031
3.6396 0.0029
3.6456 0.0028
3.6517 0.0027
3.6577 0.0026
3.6637 0.0025
3.6697 0.0023
3.6757 0.0022
3.6817 0.0021
3.6877 0.0020
3.6937 0.0018
3.6997 0.0017
3.7057 0.0016
3.7117 0.0014
3.7177 0.0013
3.7237 0.0012
3.7297 0.0011
3.7357 0.0009
3.7417 0.0008
3.7477 0.0007
3.7538 0.0005
3.7598 0.0004
3.7658 0.0002
3.7718 0.0001
3.7778 0.0000
3.7838 0.0002
3.7898 0.0003
3.7958 0.0004
3.8018 0.0006
3.8078 0.0007
3.8138 0.0009
3.8198 0.0010
3.8258 0.0011
3.8318 0.0013
3.8378 0.0014
3.8438 0.0016
3.8498 0.0017
3.8559 0.0019
3.8619 0.0020
3.8679 0.0021
3.8739 0.0023
3.8799 0.0024
3.8859 0.0026
3.8919 0.0027
3.8979 0.0029
3.9039 0.0030
3.9099 0.0032
3.9159 0.0033
3.9219 0.0034
3.9279 0.0036
3.9339 0.0037
3.9399 0.0039
3.9459 0.0040
3.9520 0.0042
3.9580 0.0043
3.9640 0.0045
3.9700 0.0046
3.9760 0.0047
3.9820 0.0049
3.9880 0.0050
3.9940 0.0052
4.0000 0.0053
4.0060 0.0055
4.0120 0.0056
4.0180 0.0057
4.0240 0.0059
4.0300 0.0060
4.0360 0.0062
4.0420 0.0063
4.0480 0.0064
4.0541 0.0066
4.0601 0.0067
4.0661 0.0069
4.0721 0.0070
4.0781 0.0071
4.0841 0.0073
4.0901 0.0074
4.0961 0.0075
4.1021 0.0077
4.1081 0.0078
4.1141 0.0079
4.1201 0.0081
4.1261 0.0082
4.1321 0.0083
4.1381 0.0084
4.1441 0.0086
4.1502 0.0087
4.1562 0.0088
4.1622 0.0089
4.1682 0.0091
4.1742 0.0092
4.1802 0.0093
4.1862 0.0094
4.1922 0.0095
4.1982 0.0097
4.2042 0.0098
4.2102 0.0099
4.2162 0.0100
4.2222 0.0101
4.2282 0.0102
4.2342 0.0103
4.2402 0.0104
4.2462 0.0105
4.2523 0.0106
4.2583 0.0108
4.2643 0.0109
4.2703 0.0110
4.2763 0.0110
4.2823 0.0111
4.2883 0.0112
4.2943 0.0113
4.3003 0.0114
4.3063 0.0115
4.3123 0.0116
4.3183 0.0117
4.3243 0.0118
4.3303 0.0118
4.3363 0.0119
4.3423 0.0120
4.3483 0.0121
4.3544 0.0122
4.3604 0.0122
4.3664 0.0123
4.3724 0.0124
4.3784 0.0124
4.3844 0.0125
4.3904 0.0126
4.3964 0.0126
4.4024 0.0127
4.4084 0.0127
4.4144 0.0128
4.4204 0.0128
4.4264 0.0129
4.4324 0.0129
4.4384 0.0130
4.4444 0.0130
4.4505 0.0130
4.4565 0.0131
4.4625 0.0131
4.4685 0.0131
4.4745 0.0132
4.4805 0.0132
4.4865 0.0132
4.4925 0.0132
4.4985 0.0133
4.5045 0.0133
4.5105 0.0133
4.5165 0.0133
4.5225 0.0133
4.5285 0.0133
4.5345 0.0133
4.5405 0.0133
4.5465 0.0133
4.5526 0.0133
4.5586 0.0133
4.5646 0.0133
4.5706 0.0133
4.5766 0.0133
4.5826 0.0132
4.5886 0.0132
4.5946 0.0132
4.6006 0.0132
4.6066 0.0131
4.6126 0.0131
4.6186 0.0131
4.6246 0.0130
4.6306 0.0130
4.6366 0.0129
4.6426 0.0129
4.6486 0.0128
4.6547 0.0128
4.6607 0.0127
4.6667 0.0127
4.6727 0.0126
4.6787 0.0125
4.6847 0.0125
4.6907 0.0124
4.6967 0.0123
4.7027 0.0122
4.7087 0.0122
4.7147 0.0121
4.7207 0.0120
4.7267 0.0119
4.7327 0.0118
4.7387 0.0117
4.7447 0.0116
4.7508 0.0115
4.7568 0.0114
4.7628 0.0113
4.7688 0.0112
4.7748 0.0111
4.7808 0.0110
4.7868 0.0108
4.7928 0.0107
4.7988 0.0106
4.8048 0.0105
4.8108 0.0103
4.8168 0.0102
4.8228 0.0101
4.8288 0.0099
4.8348 0.0098
4.8408 0.0096
4.8468 0.0095
4.8529 0.0093
4.8589 0.0092
4.8649 0.0090
4.8709 0.0089
4.8769 0.0087
4.8829 0.0085
4.8889 0.0084
4.8949 0.0082
4.9009 0.0080
4.9069 0.0078
4.9129 0.0077
4.9189 0.0075
4.9249 0.0073
4.9309 0.0071
4.9369 0.0069
4.9429 0.0067
4.9489 0.0065
4.9550 0.0063
4.9610 0.0061
4.9670 0.0059
4.9730 0.0057
4.9790 0.0055
4.9850 0.0053
4.9910 0.0051
4.9970 0.0049
5.0030 0.0047
5.0090 0.0044
5.0150 0.0042
5.0210 0.0040
5.0270 0.0038
5.0330 0.0035
5.0390 0.0033
5.0450 0.0031
5.0511 0.0028
5.0571 0.0026
5.0631 0.0024
5.0691 0.0021
5.0751 0.0019
5.0811 0.0017
5.0871 0.0014
5.0931 0.0012
5.0991 0.0009
5.1051 0.0007
5.1111 0.0004
5.1171 0.0002
5.1231 0.0001
5.1291 0.0003
5.1351 0.0006
5.1411 0.0008
5.1471 0.0011
5.1532 0.0013
5.1592 0.0016
5.1652 0.0019
5.1712 0.0021
5.1772 0.0024
5.1832 0.0026
5.1892 0.0029
5.1952 0.0032
5.2012 0.0034
5.2072 0.0037
5.2132 0.0039
5.2192 0.0042
5.2252 0.0045
5.2312 0.0047
5.2372 0.0050
5.2432 0.0052
5.2492 0.0055
5.2553 0.0058
5.2613 0.0060
5.2673 0.0063
5.2733 0.0065
5.2793 0.0068
5.2853 0.0071
5.2913 0.0073
5.2973 0.0076
5.3033 0.0078
5.3093 0.0081
5.3153 0.0083
5.3213 0.0086
5.3273 0.0088
5.3333 0.0090
5.3393 0.0093
5.3453 0.0095
5.3514 0.0098
5.3574 0.0100
5.3634 0.0102
5.3694 0.0105
5.3754 0.0107
5.3814 0.0109
5.3874 0.0111
5.3934 0.0113
5.3994 0.0116
5.4054 0.0118
5.4114 0.0120
5.4174 0.0122
5.4234 0.0124
5.4294 0.0126
5.4354 0.0128
5.4414 0.0129
5.4474 0.0131
5.4535 0.0133
5.4595 0.0135
5.4655 0.0136
5.4715 0.0138
5.4775 0.0140
5.4835 0.0141
5.4895 0.0143
5.4955 0.0144
5.5015 0.0145
5.5075 0.0147
5.5135 0.0148
5.5195 0.0149
5.5255 0.0150
5.5315 0.0151
5.5375 0.0152
5.5435 0.0153
5.5495 0.0154
5.5556 0.0155
5.5616 0.0155
5.5676 0.0156
5.5736 0.0156
5.5796 0.0157
5.5856 0.0157
5.5916 0.0157
5.5976 0.0158
5.6036 0.0158
5.6096 0.0158
5.6156 0.0157
5.6216 0.0157
5.6276 0.0157
5.6336 0.0157
5.6396 0.0156
5.6456 0.0155
5.6517 0.0155
5.6577 0.0154
5.6637 0.0153
5.6697 0.0152
5.6757 0.0151
5.6817 0.0149
5.6877 0.0148
5.6937 0.0146
5.6997 0.0145
5.7057 0.0143
5.7117 0.0141
5.7177 0.0139
5.7237 0.0136
5.7297 0.0134
5.7357 0.0132
5.7417 0.0129
5.7477 0.0126
5.7538 0.0123
5.7598 0.0120
5.7658 0.0117
5.7718 0.0113
5.7778 0.0110
5.7838 0.0106
5.7898 0.0102
5.7958 0.0098
5.8018 0.0094
5.8078 0.0089
5.8138 0.0085
5.8198 0.0080
5.8258 0.0075
5.8318 0.0070
5.8378 0.0065
5.8438 0.0059
5.8498 0.0053
5.8559 0.0047
5.8619 0.0041
5.8679 0.0035
5.8739 0.0028
5.8799 0.0021
5.8859 0.0014
5.8919 0.0007
5.8979 0.0000
5.9039 0.0008
5.9099 0.0016
5.9159 0.0024
5.9219 0.0032
5.9279 0.0041
5.9339 0.0050
5.9399 0.0059
5.9459 0.0068
5.9520 0.0078
5.9580 0.0087
5.9640 0.0098
5.9700 0.0108
5.9760 0.0119
5.9820 0.0130
5.9880 0.0141
5.9940 0.0152
6.0000 0.0164
