0.0000 0.5403
0.0060 0.5513
0.0120 0.5623
0.0180 0.5732
0.0240 0.5841
0.0300 0.5949
0.0360 0.6057
0.0420 0.6164
0.0480 0.6270
0.0541 0.6376
0.0601 0.6482
0.0661 0.6587
0.0721 0.6691
0.0781 0.6795
0.0841 0.6898
0.0901 0.7001
0.0961 0.7103
0.1021 0.7205
0.1081 0.7306
0.1141 0.7407
0.1201 0.7507
0.1261 0.7606
0.1321 0.7706
0.1381 0.7804
0.1441 0.7902
0.1502 0.8000
0.1562 0.8097
0.1622 0.8194
0.1682 0.8290
0.1742 0.8385
0.1802 0.8480
0.1862 0.8575
0.1922 0.8669
0.1982 0.8762
0.2042 0.8855
0.2102 0.8948
0.2162 0.9040
0.2222 0.9131
0.2282 0.9222
0.2342 0.9313
0.2402 0.9403
0.2462 0.9493
0.2523 0.9582
0.2583 0.9670
0.2643 0.9758
0.2703 0.9846
0.2763 0.9933
0.2823 1.0020
0.2883 1.0106
0.2943 1.0191
0.3003 1.0276
0.3063 1.0361
0.3123 1.0445
0.3183 1.0529
0.3243 1.0612
0.3303 1.0695
0.3363 1.0777
0.3423 1.0858
0.3483 1.0940
0.3544 1.1020
0.3604 1.1101
0.3664 1.1180
0.3724 1.1260
0.3784 1.1338
0.3844 1.1417
0.3904 1.1495
0.3964 1.1572
0.4024 1.1649
0.4084 1.1725
0.4144 1.1801
0.4204 1.1876
0.4264 1.1951
0.4324 1.2026
0.4384 1.2100
0.4444 1.2173
0.4505 1.2246
0.4565 1.2319
0.4625 1.2391
0.4685 1.2463
0.4745 1.2534
0.4805 1.2604
0.4865 1.2674
0.4925 1.2744
0.4985 1.2813
0.5045 1.2882
0.5105 1.2950
0.5165 1.3018
0.5225 1.3085
0.5285 1.3152
0.5345 1.3218
0.5405 1.3284
0.5465 1.3350
0.5526 1.3415
0.5586 1.3479
0.5646 1.3543
0.5706 1.3606
0.5766 1.3669
0.5826 1.3732
0.5886 1.3794
0.5946 1.3856
0.6006 1.3917
0.6066 1.3977
0.6126 1.4038
0.6186 1.4097
0.6246 1.4156
0.6306 1.4215
0.6366 1.4274
0.6426 1.4331
0.6486 1.4389
0.6547 1.4446
0.6607 1.4502
0.6667 1.4558
0.6727 1.4613
0.6787 1.4668
0.6847 1.4723
0.6907 1.4777
0.6967 1.4830
0.7027 1.4883
0.7087 1.4936
0.7147 1.4988
0.7207 1.5040
0.7267 1.5091
0.7327 1.5142
0.7387 1.5192
0.7447 1.5242
0.7508 1.5291
0.7568 1.5340
0.7628 1.5389
0.7688 1.5437
0.7748 1.5484
0.7808 1.5531
0.7868 1.5578
0.7928 1.5624
0.7988 1.5669
0.8048 1.5715
0.8108 1.5759
0.8168 1.5804
0.8228 1.5847
0.8288 1.5891
0.8348 1.5933
0.8408 1.5976
0.8468 1.6018
0.8529 1.6059
0.8589 1.6100
0.8649 1.6141
0.8709 1.6181
0.8769 1.6220
0.8829 1.6260
0.8889 1.6298
0.8949 1.6336
0.9009 1.6374
0.9069 1.6412
0.9129 1.6448
0.9189 1.6485
0.9249 1.6521
0.9309 1.6556
0.9369 1.6591
0.9429 1.6626
0.9489 1.6660
0.9550 1.6694
0.9610 1.6727
0.9670 1.6759
0.9730 1.6792
0.9790 1.6824
0.9850 1.6855
0.9910 1.6886
0.9970 1.6916
1.0030 1.6946
1.0090 1.6976
1.0150 1.7005
1.0210 1.7034
1.0270 1.7062
1.0330 1.7090
1.0390 1.7117
1.0450 1.7144
1.0511 1.7170
1.0571 1.7196
1.0631 1.7222
1.0691 1.7247
1.0751 1.7272
1.0811 1.7296
1.0871 1.7320
1.0931 1.7343
1.0991 1.7366
1.1051 1.7388
1.1111 1.7410
1.1171 1.7432
1.1231 1.7453
1.1291 1.7474
1.1351 1.7494
1.1411 1.7514
1.1471 1.7533
1.1532 1.7552
1.1592 1.7571
1.1652 1.7589
1.1712 1.7607
1.1772 1.7624
1.1832 1.7641
1.1892 1.7657
1.1952 1.7673
1.2012 1.7688
1.2072 1.7703
1.2132 1.7718
1.2192 1.7732
1.2252 1.7746
1.2312 1.7759
1.2372 1.7772
1.2432 1.7785
1.2492 1.7797
1.2553 1.7809
1.2613 1.7820
1.2673 1.7831
1.2733 1.7841
1.2793 1.7851
1.2853 1.7861
1.2913 1.7870
1.2973 1.7879
1.3033 1.7887
1.3093 1.7895
1.3153 1.7902
1.3213 1.7910
1.3273 1.7916
1.3333 1.7923
1.3393 1.7928
1.3453 1.7934
1.3514 1.7939
1.3574 1.7944
1.3634 1.7948
1.3694 1.7952
1.3754 1.7955
1.3814 1.7958
1.3874 1.7961
1.3934 1.7963
1.3994 1.7965
1.4054 1.7967
1.4114 1.7968
1.4174 1.7968
1.4234 1.7969
1.4294 1.7969
1.4354 1.7968
1.4414 1.7967
1.4474 1.7966
1.4535 1.7964
1.4595 1.7962
1.4655 1.7960
1.4715 1.7957
1.4775 1.7954
1.4835 1.7950
1.4895 1.7947
1.4955 1.7942
1.5015 1.7938
1.5075 1.7932
1.5135 1.7927
1.5195 1.7921
1.5255 1.7915
1.5315 1.7909
1.5375 1.7902
1.5435 1.7894
1.5495 1.7887
1.5556 1.7879
1.5616 1.7870
1.5676 1.7862
1.5736 1.7853
1.5796 1.7843
1.5856 1.7833
1.5916 1.7823
1.5976 1.7813
1.6036 1.7802
1.6096 1.7791
1.6156 1.7779
1.6216 1.7767
1.6276 1.7755
1.6336 1.7742
1.6396 1.7730
1.6456 1.7716
1.6517 1.7703
1.6577 1.7689
1.6637 1.7674
1.6697 1.7660
1.6757 1.7645
1.6817 1.7630
1.6877 1.7614
1.6937 1.7598
1.6997 1.7582
1.7057 1.7565
1.7117 1.7548
1.7177 1.7531
1.7237 1.7513
1.7297 1.7496
1.7357 1.7477
1.7417 1.7459
1.7477 1.7440
1.7538 1.7421
1.7598 1.7401
1.7658 1.7382
1.7718 1.7362
1.7778 1.7341
1.7838 1.7321
1.7898 1.7300
1.7958 1.7278
1.8018 1.7257
1.8078 1.7235
1.8138 1.7213
1.8198 1.7190
1.8258 1.7168
1.8318 1.7144
1.8378 1.7121
1.8438 1.7098
1.8498 1.7074
1.8559 1.7049
1.8619 1.7025
1.8679 1.7000
1.8739 1.6975
1.8799 1.6950
1.8859 1.6924
1.8919 1.6899
1.8979 1.6872
1.9039 1.6846
1.9099 1.6819
1.9159 1.6792
1.9219 1.6765
1.9279 1.6738
1.9339 1.6710
1.9399 1.6682
1.9459 1.6654
1.9520 1.6626
1.9580 1.6597
1.9640 1.6568
1.9700 1.6539
1.9760 1.6509
1.9820 1.6480
1.9880 1.6450
1.9940 1.6420
2.0000 1.6389
2.0060 1.6359
2.0120 1.6328
2.0180 1.6297
2.0240 1.6265
2.0300 1.6234
2.0360 1.6202
2.0420 1.6170
2.0480 1.6138
2.0541 1.6105
2.0601 1.6073
2.0661 1.6040
2.0721 1.6007
2.0781 1.5973
2.0841 1.5940
2.0901 1.5906
2.0961 1.5872
2.1021 1.5838
2.1081 1.5804
2.1141 1.5769
2.1201 1.5734
2.1261 1.5700
2.1321 1.5664
2.1381 1.5629
2.1441 1.5594
2.1502 1.5558
2.1562 1.5522
2.1622 1.5486
2.1682 1.5450
2.1742 1.5414
2.1802 1.5377
2.1862 1.5340
2.1922 1.5303
2.1982 1.5266
2.2042 1.5229
2.2102 1.5192
2.2162 1.5154
2.2222 1.5116
2.2282 1.5078
2.2342 1.5040
2.2402 1.5002
2.2462 1.4964
2.2523 1.4925
2.2583 1.4887
2.2643 1.4848
2.2703 1.4809
2.2763 1.4770
2.2823 1.4731
2.2883 1.4691
2.2943 1.4652
2.3003 1.4612
2.3063 1.4572
2.3123 1.4533
2.3183 1.4493
2.3243 1.4453
2.3303 1.4412
2.3363 1.4372
2.3423 1.4331
2.3483 1.4291
2.3544 1.4250
2.3604 1.4209
2.3664 1.4168
2.3724 1.4127
2.3784 1.4086
2.3844 1.4045
2.3904 1.4004
2.3964 1.3962
2.4024 1.3921
2.4084 1.3879
2.4144 1.3838
2.4204 1.3796
2.4264 1.3754
2.4324 1.3712
2.4384 1.3670
2.4444 1.3628
2.4505 1.3586
2.4565 1.3543
2.4625 1.3501
2.4685 1.3459
2.4745 1.3416
2.4805 1.3374
2.4865 1.3331
2.4925 1.3288
2.4985 1.3246
2.5045 1.3203
2.5105 1.3160
2.5165 1.3117
2.5225 1.3074
2.5285 1.3031
2.5345 1.2988
2.5405 1.2945
2.5465 1.2902
2.5526 1.2859
2.5586 1.2816
2.5646 1.2773
2.5706 1.2730
2.5766 1.2686
2.5826 1.2643
2.5886 1.2600
2.5946 1.2556
2.6006 1.2513
2.6066 1.2470
2.6126 1.2426
2.6186 1.2383
2.6246 1.2339
2.6306 1.2296
2.6366 1.2253
2.6426 1.2209
2.6486 1.2166
2.6547 1.2122
2.6607 1.2079
2.6667 1.2036
2.6727 1.1992
2.6787 1.1949
2.6847 1.1905
2.6907 1.1862
2.6967 1.1819
2.7027 1.1775
2.7087 1.1732
2.7147 1.1689
2.7207 1.1646
2.7267 1.1602
2.7327 1.1559
2.7387 1.1516
2.7447 1.1473
2.7508 1.1430
2.7568 1.1387
2.7628 1.1344
2.7688 1.1301
2.7748 1.1258
2.7808 1.1215
2.7868 1.1172
2.7928 1.1129
2.7988 1.1087
2.8048 1.1044
2.8108 1.1001
2.8168 1.0959
2.8228 1.0916
2.8288 1.0874
2.8348 1.0831
2.8408 1.0789
2.8468 1.0747
2.8529 1.0705
2.8589 1.0663
2.8649 1.0621
2.8709 1.0579
2.8769 1.0537
2.8829 1.0495
2.8889 1.0454
2.8949 1.0412
2.9009 1.0371
2.9069 1.0329
2.9129 1.0288
2.9189 1.0247
2.9249 1.0206
2.9309 1.0165
2.9369 1.0124
2.9429 1.0083
2.9489 1.0042
2.9550 1.0002
2.9610 0.9961
2.9670 0.9921
2.9730 0.9881
2.9790 0.9841
2.9850 0.9801
2.9910 0.9761
2.9970 0.9721
3.0030 0.9682
3.0090 0.9642
3.0150 0.9603
3.0210 0.9564
3.0270 0.9525
3.0330 0.9486
3.0390 0.9447
3.0450 0.9408
3.0511 0.9370
3.0571 0.9331
3.0631 0.9293
3.0691 0.9255
3.0751 0.9217
3.0811 0.9179
3.0871 0.9142
3.0931 0.9104
3.0991 0.9067
3.1051 0.9030
3.1111 0.8993
3.1171 0.8956
3.1231 0.8919
3.1291 0.8883
3.1351 0.8847
3.1411 0.8810
3.1471 0.8775
3.1532 0.8739
3.1592 0.8703
3.1652 0.8668
3.1712 0.8632
3.1772 0.8597
3.1832 0.8563
3.1892 0.8528
3.1952 0.8493
3.2012 0.8459
3.2072 0.8425
3.2132 0.8391
3.2192 0.8357
3.2252 0.8324
3.2312 0.8290
3.2372 0.8257
3.2432 0.8224
3.2492 0.8192
3.2553 0.8159
3.2613 0.8127
3.2673 0.8095
3.2733 0.8063
3.2793 0.8031
3.2853 0.8000
3.2913 0.7968
3.2973 0.7937
3.3033 0.7906
3.3093 0.7876
3.3153 0.7846
3.3213 0.7815
3.3273 0.7785
3.3333 0.7756
3.3393 0.7726
3.3453 0.7697
3.3514 0.7668
3.3574 0.7639
3.3634 0.7611
3.3694 0.7583
3.3754 0.7555
3.3814 0.7527
3.3874 0.7499
3.3934 0.7472
3.3994 0.7445
3.4054 0.7418
3.4114 0.7391
3.4174 0.7365
3.4234 0.7339
3.4294 0.7313
3.4354 0.7288
3.4414 0.7262
3.4474 0.7237
3.4535 0.7213
3.4595 0.7188
3.4655 0.7164
3.4715 0.7140
3.4775 0.7116
3.4835 0.7093
3.4895 0.7069
3.4955 0.7046
3.5015 0.7024
3.5075 0.7001
3.5135 0.6979
3.5195 0.6957
3.5255 0.6936
3.5315 0.6914
3.5375 0.6893
3.5435 0.6873
3.5495 0.6852
3.5556 0.6832
3.5616 0.6812
3.5676 0.6793
3.5736 0.6773
3.5796 0.6754
3.5856 0.6735
3.5916 0.6717
3.5976 0.6699
3.6036 0.6681
3.6096 0.6663
3.6156 0.6646
3.6216 0.6629
3.6276 0.6612
3.6336 0.6596
3.6396 0.6580
3.6456 0.6564
3.6517 0.6549
3.6577 0.6533
3.6637 0.6519
3.6697 0.6504
3.6757 0.6490
3.6817 0.6476
3.6877 0.6462
3.6937 0.6449
3.6997 0.6436
3.7057 0.6423
3.7117 0.6410
3.7177 0.6398
3.7237 0.6386
3.7297 0.6375
3.7357 0.6364
3.7417 0.6353
3.7477 0.6342
3.7538 0.6332
3.7598 0.6322
3.7658 0.6313
3.7718 0.6303
3.7778 0.6294
3.7838 0.6286
3.7898 0.6277
3.7958 0.6269
3.8018 0.6262
3.8078 0.6254
3.8138 0.6247
3.8198 0.6241
3.8258 0.6234
3.8318 0.6228
3.8378 0.6222
3.8438 0.6217
3.8498 0.6212
3.8559 0.6207
3.8619 0.6203
3.8679 0.6199
3.8739 0.6195
3.8799 0.6192
3.8859 0.6189
3.8919 0.6186
3.8979 0.6184
3.9039 0.6181
3.9099 0.6180
3.9159 0.6178
3.9219 0.6177
3.9279 0.6177
3.9339 0.6176
3.9399 0.6176
3.9459 0.6176
3.9520 0.6177
3.9580 0.6178
3.9640 0.6179
3.9700 0.6181
3.9760 0.6183
3.9820 0.6185
3.9880 0.6188
3.9940 0.6191
4.0000 0.6194
4.0060 0.6198
4.0120 0.6202
4.0180 0.6207
4.0240 0.6211
4.0300 0.6216
4.0360 0.6222
4.0420 0.6228
4.0480 0.6234
4.0541 0.6240
4.0601 0.6247
4.0661 0.6254
4.0721 0.6262
4.0781 0.6269
4.0841 0.6278
4.0901 0.6286
4.0961 0.6295
4.1021 0.6304
4.1081 0.6314
4.1141 0.6324
4.1201 0.6334
4.1261 0.6345
4.1321 0.6356
4.1381 0.6367
4.1441 0.6379
4.1502 0.6391
4.1562 0.6403
4.1622 0.6416
4.1682 0.6429
4.1742 0.6442
4.1802 0.6456
4.1862 0.6470
4.1922 0.6484
4.1982 0.6499
4.2042 0.6514
4.2102 0.6530
4.2162 0.6546
4.2222 0.6562
4.2282 0.6578
4.2342 0.6595
4.2402 0.6612
4.2462 0.6630
4.2523 0.6648
4.2583 0.6666
4.2643 0.6685
4.2703 0.6703
4.2763 0.6723
4.2823 0.6742
4.2883 0.6762
4.2943 0.6783
4.3003 0.6803
4.3063 0.6824
4.3123 0.6846
4.3183 0.6867
4.3243 0.6889
4.3303 0.6912
4.3363 0.6934
4.3423 0.6957
4.3483 0.6981
4.3544 0.7005
4.3604 0.7029
4.3664 0.7053
4.3724 0.7078
4.3784 0.7103
4.3844 0.7128
4.3904 0.7154
4.3964 0.7180
4.4024 0.7207
4.4084 0.7233
4.4144 0.7261
4.4204 0.7288
4.4264 0.7316
4.4324 0.7344
4.4384 0.7372
4.4444 0.7401
4.4505 0.7430
4.4565 0.7460
4.4625 0.7489
4.4685 0.7519
4.4745 0.7550
4.4805 0.7581
4.4865 0.7612
4.4925 0.7643
4.4985 0.7675
4.5045 0.7707
4.5105 0.7739
4.5165 0.7772
4.5225 0.7805
4.5285 0.7839
4.5345 0.7872
4.5405 0.7906
4.5465 0.7941
4.5526 0.7975
4.5586 0.8010
4.5646 0.8045
4.5706 0.8081
4.5766 0.8117
4.5826 0.8153
4.5886 0.8190
4.5946 0.8227
4.6006 0.8264
4.6066 0.8301
4.6126 0.8339
4.6186 0.8377
4.6246 0.8416
4.6306 0.8454
4.6366 0.8493
4.6426 0.8533
4.6486 0.8572
4.6547 0.8612
4.6607 0.8653
4.6667 0.8693
4.6727 0.8734
4.6787 0.8775
4.6847 0.8817
4.6907 0.8858
4.6967 0.8900
4.7027 0.8943
4.7087 0.8985
4.7147 0.9028
4.7207 0.9072
4.7267 0.9115
4.7327 0.9159
4.7387 0.9203
4.7447 0.9247
4.7508 0.9292
4.7568 0.9337
4.7628 0.9382
4.7688 0.9428
4.7748 0.9474
4.7808 0.9520
4.7868 0.9566
4.7928 0.9613
4.7988 0.9659
4.8048 0.9707
4.8108 0.9754
4.8168 0.9802
4.8228 0.9850
4.8288 0.9898
4.8348 0.9947
4.8408 0.9995
4.8468 1.0045
4.8529 1.0094
4.8589 1.0143
4.8649 1.0193
4.8709 1.0243
4.8769 1.0294
4.8829 1.0344
4.8889 1.0395
4.8949 1.0447
4.9009 1.0498
4.9069 1.0550
4.9129 1.0601
4.9189 1.0654
4.9249 1.0706
4.9309 1.0759
4.9369 1.0812
4.9429 1.0865
4.9489 1.0918
4.9550 1.0972
4.9610 1.1025
4.9670 1.1080
4.9730 1.1134
4.9790 1.1188
4.9850 1.1243
4.9910 1.1298
4.9970 1.1353
5.0030 1.1409
5.0090 1.1465
5.0150 1.1521
5.0210 1.1577
5.0270 1.1633
5.0330 1.1690
5.0390 1.1746
5.0450 1.1803
5.0511 1.1861
5.0571 1.1918
5.0631 1.1976
5.0691 1.2034
5.0751 1.2092
5.0811 1.2150
5.0871 1.2208
5.0931 1.2267
5.0991 1.2326
5.1051 1.2385
5.1111 1.2444
5.1171 1.2504
5.1231 1.2563
5.1291 1.2623
5.1351 1.2683
5.1411 1.2743
5.1471 1.2804
5.1532 1.2864
5.1592 1.2925
5.1652 1.2986
5.1712 1.3047
5.1772 1.3108
5.1832 1.3170
5.1892 1.3231
5.1952 1.3293
5.2012 1.3355
5.2072 1.3417
5.2132 1.3480
5.2192 1.3542
5.2252 1.3605
5.2312 1.3668
5.2372 1.3731
5.2432 1.3794
5.2492 1.3857
5.2553 1.3920
5.2613 1.3984
5.2673 1.4048
5.2733 1.4112
5.2793 1.4176
5.2853 1.4240
5.2913 1.4304
5.2973 1.4368
5.3033 1.4433
5.3093 1.4498
5.3153 1.4563
5.3213 1.4628
5.3273 1.4693
5.3333 1.4758
5.3393 1.4823
5.3453 1.4889
5.3514 1.4954
5.3574 1.5020
5.3634 1.5086
5.3694 1.5152
5.3754 1.5218
5.3814 1.5284
5.3874 1.5350
5.3934 1.5417
5.3994 1.5483
5.4054 1.5550
5.4114 1.5616
5.4174 1.5683
5.4234 1.5750
5.4294 1.5817
5.4354 1.5884
5.4414 1.5951
5.4474 1.6018
5.4535 1.6086
5.4595 1.6153
5.4655 1.6221
5.4715 1.6288
5.4775 1.6356
5.4835 1.6423
5.4895 1.6491
5.4955 1.6559
5.5015 1.6627
5.5075 1.6695
5.5135 1.6763
5.5195 1.6831
5.5255 1.6899
5.5315 1.6968
5.5375 1.7036
5.5435 1.7104
5.5495 1.7173
5.5556 1.7241
5.5616 1.7310
5.5676 1.7378
5.5736 1.7447
5.5796 1.7516
5.5856 1.7584
5.5916 1.7653
5.5976 1.7722
5.6036 1.7790
5.6096 1.7859
5.6156 1.7928
5.6216 1.7997
5.6276 1.8066
5.6336 1.8135
5.6396 1.8204
5.6456 1.8273
5.6517 1.8342
5.6577 1.8411
5.6637 1.8480
5.6697 1.8549
5.6757 1.8618
5.6817 1.8687
5.6877 1.8756
5.6937 1.8825
5.6997 1.8894
5.7057 1.8963
5.7117 1.9032
5.7177 1.9101
5.7237 1.9170
5.7297 1.9239
5.7357 1.9308
5.7417 1.9377
5.7477 1.9446
5.7538 1.9515
5.7598 1.9583
5.7658 1.9652
5.7718 1.9721
5.7778 1.9790
5.7838 1.9859
5.7898 1.9927
5.7958 1.9996
5.8018 2.0065
5.8078 2.0133
5.8138 2.0202
5.8198 2.0271
5.8258 2.0339
5.8318 2.0408
5.8378 2.0476
5.8438 2.0544
5.8498 2.0613
5.8559 2.0681
5.8619 2.0749
5.8679 2.0817
5.8739 2.0885
5.8799 2.0953
5.8859 2.1021
5.8919 2.1089
5.8979 2.1157
5.9039 2.1224
5.9099 2.1292
5.9159 2.1360
5.9219 2.1427
5.9279 2.1494
5.9339 2.1562
5.9399 2.1629
5.9459 2.1696
5.9520 2.1763
5.9580 2.1830
5.9640 2.1897
5.9700 2.1964
5.9760 2.2030
5.9820 2.2097
5.9880 2.2163
5.9940 2.2229
6.0000 2.2296
