0.0000 0.5470
0.0060 0.5575
0.0120 0.5680
0.0180 0.5784
0.0240 0.5888
0.0300 0.5992
0.0360 0.6095
0.0420 0.6198
0.0480 0.6300
0.0541 0.6403
0.0601 0.6504
0.0661 0.6605
0.0721 0.6706
0.0781 0.6807
0.0841 0.6907
0.0901 0.7007
0.0961 0.7106
0.1021 0.7205
0.1081 0.7303
0.1141 0.7401
0.1201 0.7499
0.1261 0.7596
0.1321 0.7693
0.1381 0.7790
0.1441 0.7886
0.1502 0.7981
0.1562 0.8077
0.1622 0.8171
0.1682 0.8266
0.1742 0.8360
0.1802 0.8453
0.1862 0.8547
0.1922 0.8639
0.1982 0.8732
0.2042 0.8823
0.2102 0.8915
0.2162 0.9006
0.2222 0.9097
0.2282 0.9187
0.2342 0.9276
0.2402 0.9366
0.2462 0.9455
0.2523 0.9543
0.2583 0.9631
0.2643 0.9719
0.2703 0.9806
0.2763 0.9892
0.2823 0.9979
0.2883 1.0064
0.2943 1.0150
0.3003 1.0235
0.3063 1.0319
0.3123 1.0403
0.3183 1.0487
0.3243 1.0570
0.3303 1.0653
0.3363 1.0735
0.3423 1.0817
0.3483 1.0898
0.3544 1.0979
0.3604 1.1059
0.3664 1.1139
0.3724 1.1219
0.3784 1.1298
0.3844 1.1376
0.3904 1.1454
0.3964 1.1532
0.4024 1.1609
0.4084 1.1686
0.4144 1.1762
0.4204 1.1838
0.4264 1.1914
0.4324 1.1989
0.4384 1.2063
0.4444 1.2137
0.4505 1.2211
0.4565 1.2284
0.4625 1.2356
0.4685 1.2428
0.4745 1.2500
0.4805 1.2571
0.4865 1.2642
0.4925 1.2712
0.4985 1.2782
0.5045 1.2851
0.5105 1.2920
0.5165 1.2988
0.5225 1.3056
0.5285 1.3124
0.5345 1.3191
0.5405 1.3257
0.5465 1.3323
0.5526 1.3389
0.5586 1.3454
0.5646 1.3518
0.5706 1.3582
0.5766 1.3646
0.5826 1.3709
0.5886 1.3772
0.5946 1.3834
0.6006 1.3896
0.6066 1.3957
0.6126 1.4018
0.6186 1.4078
0.6246 1.4138
0.6306 1.4197
0.6366 1.4256
0.6426 1.4315
0.6486 1.4373
0.6547 1.4430
0.6607 1.4487
0.6667 1.4544
0.6727 1.4600
0.6787 1.4655
0.6847 1.4710
0.6907 1.4765
0.6967 1.4819
0.7027 1.4873
0.7087 1.4926
0.7147 1.4978
0.7207 1.5031
0.7267 1.5082
0.7327 1.5134
0.7387 1.5184
0.7447 1.5235
0.7508 1.5284
0.7568 1.5334
0.7628 1.5383
0.7688 1.5431
0.7748 1.5479
0.7808 1.5526
0.7868 1.5573
0.7928 1.5620
0.7988 1.5666
0.8048 1.5711
0.8108 1.5756
0.8168 1.5801
0.8228 1.5845
0.8288 1.5888
0.8348 1.5932
0.8408 1.5974
0.8468 1.6016
0.8529 1.6058
0.8589 1.6099
0.8649 1.6140
0.8709 1.6180
0.8769 1.6220
0.8829 1.6260
0.8889 1.6299
0.8949 1.6337
0.9009 1.6375
0.9069 1.6412
0.9129 1.6449
0.9189 1.6486
0.9249 1.6522
0.9309 1.6558
0.9369 1.6593
0.9429 1.6627
0.9489 1.6662
0.9550 1.6695
0.9610 1.6729
0.9670 1.6761
0.9730 1.6794
0.9790 1.6826
0.9850 1.6857
0.9910 1.6888
0.9970 1.6918
1.0030 1.6948
1.0090 1.6978
1.0150 1.7007
1.0210 1.7036
1.0270 1.7064
1.0330 1.7092
1.0390 1.7119
1.0450 1.7146
1.0511 1.7172
1.0571 1.7198
1.0631 1.7223
1.0691 1.7248
1.0751 1.7273
1.0811 1.7297
1.0871 1.7321
1.0931 1.7344
1.0991 1.7367
1.1051 1.7389
1.1111 1.7411
1.1171 1.7432
1.1231 1.7453
1.1291 1.7474
1.1351 1.7494
1.1411 1.7513
1.1471 1.7533
1.1532 1.7551
1.1592 1.7570
1.1652 1.7587
1.1712 1.7605
1.1772 1.7622
1.1832 1.7638
1.1892 1.7654
1.1952 1.7670
1.2012 1.7685
1.2072 1.7700
1.2132 1.7715
1.2192 1.7729
1.2252 1.7742
1.2312 1.7755
1.2372 1.7768
1.2432 1.7780
1.2492 1.7792
1.2553 1.7803
1.2613 1.7814
1.2673 1.7825
1.2733 1.7835
1.2793 1.7844
1.2853 1.7854
1.2913 1.7863
1.2973 1.7871
1.3033 1.7879
1.3093 1.7887
1.3153 1.7894
1.3213 1.7901
1.3273 1.7907
1.3333 1.7913
1.3393 1.7919
1.3453 1.7924
1.3514 1.7929
1.3574 1.7933
1.3634 1.7937
1.3694 1.7940
1.3754 1.7943
1.3814 1.7946
1.3874 1.7949
1.3934 1.7951
1.3994 1.7952
1.4054 1.7953
1.4114 1.7954
1.4174 1.7954
1.4234 1.7954
1.4294 1.7954
1.4354 1.7953
1.4414 1.7952
1.4474 1.7950
1.4535 1.7948
1.4595 1.7946
1.4655 1.7943
1.4715 1.7940
1.4775 1.7937
1.4835 1.7933
1.4895 1.7929
1.4955 1.7924
1.5015 1.7919
1.5075 1.7914
1.5135 1.7908
1.5195 1.7902
1.5255 1.7896
1.5315 1.7889
1.5375 1.7882
1.5435 1.7874
1.5495 1.7866
1.5556 1.7858
1.5616 1.7850
1.5676 1.7841
1.5736 1.7831
1.5796 1.7822
1.5856 1.7812
1.5916 1.7801
1.5976 1.7791
1.6036 1.7780
1.6096 1.7768
1.6156 1.7756
1.6216 1.7744
1.6276 1.7732
1.6336 1.7719
1.6396 1.7706
1.6456 1.7693
1.6517 1.7679
1.6577 1.7665
1.6637 1.7650
1.6697 1.7636
1.6757 1.7621
1.6817 1.7605
1.6877 1.7589
1.6937 1.7573
1.6997 1.7557
1.7057 1.7540
1.7117 1.7523
1.7177 1.7506
1.7237 1.7488
1.7297 1.7471
1.7357 1.7452
1.7417 1.7434
1.7477 1.7415
1.7538 1.7396
1.7598 1.7376
1.7658 1.7356
1.7718 1.7336
1.7778 1.7316
1.7838 1.7295
1.7898 1.7274
1.7958 1.7253
1.8018 1.7232
1.8078 1.7210
1.8138 1.7188
1.8198 1.7165
1.8258 1.7143
1.8318 1.7120
1.8378 1.7097
1.8438 1.7073
1.8498 1.7049
1.8559 1.7025
1.8619 1.7001
1.8679 1.6976
1.8739 1.6951
1.8799 1.6926
1.8859 1.6901
1.8919 1.6875
1.8979 1.6849
1.9039 1.6823
1.9099 1.6797
1.9159 1.6770
1.9219 1.6743
1.9279 1.6716
1.9339 1.6688
1.9399 1.6661
1.9459 1.6633
1.9520 1.6605
1.9580 1.6576
1.9640 1.6548
1.9700 1.6519
1.9760 1.6490
1.9820 1.6460
1.9880 1.6431
1.9940 1.6401
2.0000 1.6371
2.0060 1.6340
2.0120 1.6310
2.0180 1.6279
2.0240 1.6248
2.0300 1.6217
2.0360 1.6186
2.0420 1.6154
2.0480 1.6122
2.0541 1.6090
2.0601 1.6058
2.0661 1.6025
2.0721 1.5993
2.0781 1.5960
2.0841 1.5927
2.0901 1.5894
2.0961 1.5860
2.1021 1.5827
2.1081 1.5793
2.1141 1.5759
2.1201 1.5725
2.1261 1.5690
2.1321 1.5656
2.1381 1.5621
2.1441 1.5586
2.1502 1.5551
2.1562 1.5515
2.1622 1.5480
2.1682 1.5444
2.1742 1.5409
2.1802 1.5373
2.1862 1.5336
2.1922 1.5300
2.1982 1.5264
2.2042 1.5227
2.2102 1.5190
2.2162 1.5153
2.2222 1.5116
2.2282 1.5079
2.2342 1.5041
2.2402 1.5004
2.2462 1.4966
2.2523 1.4928
2.2583 1.4890
2.2643 1.4852
2.2703 1.4814
2.2763 1.4776
2.2823 1.4737
2.2883 1.4698
2.2943 1.4660
2.3003 1.4621
2.3063 1.4582
2.3123 1.4543
2.3183 1.4503
2.3243 1.4464
2.3303 1.4424
2.3363 1.4385
2.3423 1.4345
2.3483 1.4305
2.3544 1.4265
2.3604 1.4225
2.3664 1.4185
2.3724 1.4145
2.3784 1.4104
2.3844 1.4064
2.3904 1.4023
2.3964 1.3983
2.4024 1.3942
2.4084 1.3901
2.4144 1.3860
2.4204 1.3819
2.4264 1.3778
2.4324 1.3737
2.4384 1.3695
2.4444 1.3654
2.4505 1.3613
2.4565 1.3571
2.4625 1.3530
2.4685 1.3488
2.4745 1.3446
2.4805 1.3405
2.4865 1.3363
2.4925 1.3321
2.4985 1.3279
2.5045 1.3237
2.5105 1.3195
2.5165 1.3153
2.5225 1.3111
2.5285 1.3069
2.5345 1.3026
2.5405 1.2984
2.5465 1.2942
2.5526 1.2899
2.5586 1.2857
2.5646 1.2815
2.5706 1.2772
2.5766 1.2730
2.5826 1.2687
2.5886 1.2644
2.5946 1.2602
2.6006 1.2559
2.6066 1.2517
2.6126 1.2474
2.6186 1.2431
2.6246 1.2389
2.6306 1.2346
2.6366 1.2303
2.6426 1.2261
2.6486 1.2218
2.6547 1.2175
2.6607 1.2133
2.6667 1.2090
2.6727 1.2047
2.6787 1.2005
2.6847 1.1962
2.6907 1.1919
2.6967 1.1877
2.7027 1.1834
2.7087 1.1791
2.7147 1.1749
2.7207 1.1706
2.7267 1.1664
2.7327 1.1621
2.7387 1.1578
2.7447 1.1536
2.7508 1.1494
2.7568 1.1451
2.7628 1.1409
2.7688 1.1366
2.7748 1.1324
2.7808 1.1282
2.7868 1.1239
2.7928 1.1197
2.7988 1.1155
2.8048 1.1113
2.8108 1.1071
2.8168 1.1029
2.8228 1.0987
2.8288 1.0945
2.8348 1.0903
2.8408 1.0862
2.8468 1.0820
2.8529 1.0778
2.8589 1.0737
2.8649 1.0695
2.8709 1.0654
2.8769 1.0612
2.8829 1.0571
2.8889 1.0530
2.8949 1.0489
2.9009 1.0448
2.9069 1.0407
2.9129 1.0366
2.9189 1.0325
2.9249 1.0284
2.9309 1.0244
2.9369 1.0203
2.9429 1.0163
2.9489 1.0123
2.9550 1.0082
2.9610 1.0042
2.9670 1.0002
2.9730 0.9962
2.9790 0.9922
2.9850 0.9883
2.9910 0.9843
2.9970 0.9804
3.0030 0.9764
3.0090 0.9725
3.0150 0.9686
3.0210 0.9647
3.0270 0.9608
3.0330 0.9569
3.0390 0.9531
3.0450 0.9492
3.0511 0.9454
3.0571 0.9415
3.0631 0.9377
3.0691 0.9339
3.0751 0.9302
3.0811 0.9264
3.0871 0.9226
3.0931 0.9189
3.0991 0.9152
3.1051 0.9114
3.1111 0.9077
3.1171 0.9041
3.1231 0.9004
3.1291 0.8967
3.1351 0.8931
3.1411 0.8895
3.1471 0.8859
3.1532 0.8823
3.1592 0.8787
3.1652 0.8752
3.1712 0.8716
3.1772 0.8681
3.1832 0.8646
3.1892 0.8611
3.1952 0.8576
3.2012 0.8542
3.2072 0.8508
3.2132 0.8473
3.2192 0.8439
3.2252 0.8406
3.2312 0.8372
3.2372 0.8339
3.2432 0.8305
3.2492 0.8272
3.2553 0.8239
3.2613 0.8207
3.2673 0.8174
3.2733 0.8142
3.2793 0.8110
3.2853 0.8078
3.2913 0.8046
3.2973 0.8015
3.3033 0.7984
3.3093 0.7953
3.3153 0.7922
3.3213 0.7891
3.3273 0.7861
3.3333 0.7830
3.3393 0.7800
3.3453 0.7771
3.3514 0.7741
3.3574 0.7712
3.3634 0.7683
3.3694 0.7654
3.3754 0.7625
3.3814 0.7597
3.3874 0.7568
3.3934 0.7540
3.3994 0.7513
3.4054 0.7485
3.4114 0.7458
3.4174 0.7431
3.4234 0.7404
3.4294 0.7377
3.4354 0.7351
3.4414 0.7325
3.4474 0.7299
3.4535 0.7273
3.4595 0.7248
3.4655 0.7223
3.4715 0.7198
3.4775 0.7174
3.4835 0.7149
3.4895 0.7125
3.4955 0.7101
3.5015 0.7078
3.5075 0.7054
3.5135 0.7031
3.5195 0.7008
3.5255 0.6986
3.5315 0.6964
3.5375 0.6942
3.5435 0.6920
3.5495 0.6898
3.5556 0.6877
3.5616 0.6856
3.5676 0.6836
3.5736 0.6815
3.5796 0.6795
3.5856 0.6775
3.5916 0.6756
3.5976 0.6736
3.6036 0.6717
3.6096 0.6699
3.6156 0.6680
3.6216 0.6662
3.6276 0.6644
3.6336 0.6627
3.6396 0.6609
3.6456 0.6592
3.6517 0.6576
3.6577 0.6559
3.6637 0.6543
3.6697 0.6527
3.6757 0.6512
3.6817 0.6496
3.6877 0.6482
3.6937 0.6467
3.6997 0.6453
3.7057 0.6439
3.7117 0.6425
3.7177 0.6411
3.7237 0.6398
3.7297 0.6385
3.7357 0.6373
3.7417 0.6361
3.7477 0.6349
3.7538 0.6337
3.7598 0.6326
3.7658 0.6315
3.7718 0.6304
3.7778 0.6294
3.7838 0.6284
3.7898 0.6274
3.7958 0.6265
3.8018 0.6256
3.8078 0.6247
3.8138 0.6239
3.8198 0.6231
3.8258 0.6223
3.8318 0.6215
3.8378 0.6208
3.8438 0.6201
3.8498 0.6195
3.8559 0.6189
3.8619 0.6183
3.8679 0.6177
3.8739 0.6172
3.8799 0.6167
3.8859 0.6163
3.8919 0.6159
3.8979 0.6155
3.9039 0.6151
3.9099 0.6148
3.9159 0.6145
3.9219 0.6143
3.9279 0.6141
3.9339 0.6139
3.9399 0.6137
3.9459 0.6136
3.9520 0.6135
3.9580 0.6135
3.9640 0.6135
3.9700 0.6135
3.9760 0.6136
3.9820 0.6137
3.9880 0.6138
3.9940 0.6139
4.0000 0.6141
4.0060 0.6144
4.0120 0.6146
4.0180 0.6149
4.0240 0.6153
4.0300 0.6156
4.0360 0.6160
4.0420 0.6165
4.0480 0.6169
4.0541 0.6174
4.0601 0.6180
4.0661 0.6186
4.0721 0.6192
4.0781 0.6198
4.0841 0.6205
4.0901 0.6212
4.0961 0.6220
4.1021 0.6228
4.1081 0.6236
4.1141 0.6245
4.1201 0.6253
4.1261 0.6263
4.1321 0.6272
4.1381 0.6283
4.1441 0.6293
4.1502 0.6304
4.1562 0.6315
4.1622 0.6326
4.1682 0.6338
4.1742 0.6350
4.1802 0.6363
4.1862 0.6376
4.1922 0.6389
4.1982 0.6403
4.2042 0.6416
4.2102 0.6431
4.2162 0.6446
4.2222 0.6461
4.2282 0.6476
4.2342 0.6492
4.2402 0.6508
4.2462 0.6524
4.2523 0.6541
4.2583 0.6558
4.2643 0.6576
4.2703 0.6594
4.2763 0.6612
4.2823 0.6631
4.2883 0.6650
4.2943 0.6669
4.3003 0.6689
4.3063 0.6709
4.3123 0.6730
4.3183 0.6751
4.3243 0.6772
4.3303 0.6793
4.3363 0.6815
4.3423 0.6837
4.3483 0.6860
4.3544 0.6883
4.3604 0.6906
4.3664 0.6930
4.3724 0.6954
4.3784 0.6979
4.3844 0.7003
4.3904 0.7029
4.3964 0.7054
4.4024 0.7080
4.4084 0.7106
4.4144 0.7133
4.4204 0.7160
4.4264 0.7187
4.4324 0.7215
4.4384 0.7243
4.4444 0.7271
4.4505 0.7300
4.4565 0.7329
4.4625 0.7358
4.4685 0.7388
4.4745 0.7418
4.4805 0.7449
4.4865 0.7480
4.4925 0.7511
4.4985 0.7542
4.5045 0.7574
4.5105 0.7607
4.5165 0.7639
4.5225 0.7672
4.5285 0.7705
4.5345 0.7739
4.5405 0.7773
4.5465 0.7807
4.5526 0.7842
4.5586 0.7877
4.5646 0.7913
4.5706 0.7948
4.5766 0.7984
4.5826 0.8021
4.5886 0.8058
4.5946 0.8095
4.6006 0.8132
4.6066 0.8170
4.6126 0.8208
4.6186 0.8247
4.6246 0.8285
4.6306 0.8325
4.6366 0.8364
4.6426 0.8404
4.6486 0.8444
4.6547 0.8484
4.6607 0.8525
4.6667 0.8566
4.6727 0.8608
4.6787 0.8650
4.6847 0.8692
4.6907 0.8734
4.6967 0.8777
4.7027 0.8820
4.7087 0.8864
4.7147 0.8908
4.7207 0.8952
4.7267 0.8996
4.7327 0.9041
4.7387 0.9086
4.7447 0.9131
4.7508 0.9177
4.7568 0.9223
4.7628 0.9269
4.7688 0.9316
4.7748 0.9363
4.7808 0.9410
4.7868 0.9458
4.7928 0.9505
4.7988 0.9554
4.8048 0.9602
4.8108 0.9651
4.8168 0.9700
4.8228 0.9749
4.8288 0.9799
4.8348 0.9849
4.8408 0.9899
4.8468 0.9950
4.8529 1.0001
4.8589 1.0052
4.8649 1.0103
4.8709 1.0155
4.8769 1.0207
4.8829 1.0259
4.8889 1.0312
4.8949 1.0365
4.9009 1.0418
4.9069 1.0471
4.9129 1.0525
4.9189 1.0579
4.9249 1.0633
4.9309 1.0688
4.9369 1.0742
4.9429 1.0797
4.9489 1.0853
4.9550 1.0908
4.9610 1.0964
4.9670 1.1020
4.9730 1.1077
4.9790 1.1133
4.9850 1.1190
4.9910 1.1247
4.9970 1.1305
5.0030 1.1362
5.0090 1.1420
5.0150 1.1478
5.0210 1.1537
5.0270 1.1595
5.0330 1.1654
5.0390 1.1713
5.0450 1.1773
5.0511 1.1832
5.0571 1.1892
5.0631 1.1952
5.0691 1.2012
5.0751 1.2073
5.0811 1.2133
5.0871 1.2194
5.0931 1.2255
5.0991 1.2317
5.1051 1.2378
5.1111 1.2440
5.1171 1.2502
5.1231 1.2564
5.1291 1.2626
5.1351 1.2689
5.1411 1.2752
5.1471 1.2815
5.1532 1.2878
5.1592 1.2941
5.1652 1.3005
5.1712 1.3068
5.1772 1.3132
5.1832 1.3196
5.1892 1.3260
5.1952 1.3325
5.2012 1.3390
5.2072 1.3454
5.2132 1.3519
5.2192 1.3584
5.2252 1.3650
5.2312 1.3715
5.2372 1.3781
5.2432 1.3846
5.2492 1.3912
5.2553 1.3978
5.2613 1.4044
5.2673 1.4111
5.2733 1.4177
5.2793 1.4244
5.2853 1.4310
5.2913 1.4377
5.2973 1.4444
5.3033 1.4511
5.3093 1.4578
5.3153 1.4646
5.3213 1.4713
5.3273 1.4781
5.3333 1.4848
5.3393 1.4916
5.3453 1.4984
5.3514 1.5052
5.3574 1.5120
5.3634 1.5188
5.3694 1.5256
5.3754 1.5325
5.3814 1.5393
5.3874 1.5461
5.3934 1.5530
5.3994 1.5599
5.4054 1.5667
5.4114 1.5736
5.4174 1.5805
5.4234 1.5874
5.4294 1.5943
5.4354 1.6012
5.4414 1.6081
5.4474 1.6150
5.4535 1.6219
5.4595 1.6288
5.4655 1.6357
5.4715 1.6426
5.4775 1.6495
5.4835 1.6565
5.4895 1.6634
5.4955 1.6703
5.5015 1.6772
5.5075 1.6842
5.5135 1.6911
5.5195 1.6980
5.5255 1.7050
5.5315 1.7119
5.5375 1.7188
5.5435 1.7257
5.5495 1.7327
5.5556 1.7396
5.5616 1.7465
5.5676 1.7534
5.5736 1.7603
5.5796 1.7672
5.5856 1.7741
5.5916 1.7810
5.5976 1.7879
5.6036 1.7948
5.6096 1.8017
5.6156 1.8086
5.6216 1.8154
5.6276 1.8223
5.6336 1.8291
5.6396 1.8360
5.6456 1.8428
5.6517 1.8496
5.6577 1.8564
5.6637 1.8632
5.6697 1.8700
5.6757 1.8768
5.6817 1.8836
5.6877 1.8903
5.6937 1.8971
5.6997 1.9038
5.7057 1.9105
5.7117 1.9173
5.7177 1.9239
5.7237 1.9306
5.7297 1.9373
5.7357 1.9439
5.7417 1.9506
5.7477 1.9572
5.7538 1.9638
5.7598 1.9703
5.7658 1.9769
5.7718 1.9835
5.7778 1.9900
5.7838 1.9965
5.7898 2.0030
5.7958 2.0094
5.8018 2.0159
5.8078 2.0223
5.8138 2.0287
5.8198 2.0351
5.8258 2.0414
5.8318 2.0477
5.8378 2.0540
5.8438 2.0603
5.8498 2.0666
5.8559 2.0728
5.8619 2.0790
5.8679 2.0852
5.8739 2.0913
5.8799 2.0975
5.8859 2.1036
5.8919 2.1096
5.8979 2.1156
5.9039 2.1217
5.9099 2.1276
5.9159 2.1336
5.9219 2.1395
5.9279 2.1454
5.9339 2.1512
5.9399 2.1570
5.9459 2.1628
5.9520 2.1685
5.9580 2.1742
5.9640 2.1799
5.9700 2.1856
5.9760 2.1912
5.9820 2.1967
5.9880 2.2022
5.9940 2.2077
6.0000 2.2132
